id	label	x	y	cluster	weight<Links>	weight<Total link strength>	weight<Occurrences>	score<Avg. pub. year>	score<Avg. citations>	score<Avg. norm. citations>
1	ability	-0.8701	0.4729	1	35	42	5	2022.8	9.4	0.7758
2	abundance	1.0115	-0.132	2	64	145	12	2023	5.5	0.7457
3	accuracy	-0.4372	0.3441	1	32	51	7	2021.7143	7.5714	1.4363
4	addition	-0.4201	0.0779	1	69	117	11	2021.3636	23.9091	1.2809
5	alternative	-0.3708	0.1348	1	61	87	10	2022.1	32.9	1.2013
6	amount	0.5261	0.199	3	82	163	17	2022	5	0.4465
7	application	-0.8013	0.1354	1	49	76	9	2023	13.1111	2.9134
8	approach	-0.5453	0.0374	1	97	224	21	2022.4762	17	1.6772
9	aquatic organism	0.8042	-0.0784	2	49	64	6	2022.3333	7.5	1.0445
10	article	-0.8225	-0.0494	1	62	122	13	2022.4615	33.3846	2.1034
11	asia	-0.1915	-0.2097	1	74	131	17	2022.1765	15.4118	1.2691
12	aspect	-0.825	-0.0908	1	58	111	12	2022.6667	25.3333	1.2581
13	average	0.9283	-0.2753	2	43	54	6	2023	3.1667	0.4203
14	awareness	-0.4068	0.0176	1	92	203	20	2022.6	1.8	0.3175
15	barangay	0.0673	-0.361	3	28	39	6	2021.5	0.3333	0.1
16	basis	-0.4415	0.185	1	55	97	9	2023.2222	1	0.2132
17	beach	0.6898	-0.1838	3	41	59	11	2021.2727	90.0909	1.0952
18	bioplastic	0.0485	0.3781	4	31	44	6	2022.8333	2.5	0.3456
19	business	-1.2137	0.0614	1	43	64	8	2023.25	1.75	0.2916
20	category	0.3569	0.2497	3	54	87	8	2021.5	17.5	0.7326
21	challenge	-0.5768	-0.0711	1	101	264	26	2022.6538	7.2308	1.3486
22	characteristic	0.7773	0.0903	2	69	124	11	2023.1818	3.1818	0.567
23	characterization	1.147	0.1405	2	48	76	7	2022.7143	2.8571	0.3508
24	circular economy	-1.1376	-0.2181	1	40	62	8	2022.875	46.5	2.4242
25	climate change	-0.9421	-0.1521	1	51	81	11	2021.9091	20.2727	1.257
26	collaboration	-1.11	-0.2619	1	43	57	8	2022.5	9.625	1.9145
27	color	1.3342	-0.0163	2	50	114	8	2022.75	5.375	0.3304
28	composition	0.8838	0.3066	3	58	102	9	2022.7778	4.8889	0.3689
29	compressive strength	0.0893	0.5236	1	22	32	5	2022.2	1.6	0.3063
30	concentration	0.6686	0.0428	2	75	148	16	2021.3125	19.1875	0.6703
31	consumer	-0.7113	-0.2451	1	50	67	9	2022	32.2222	2.2159
32	covid	-0.7184	-0.3449	1	65	107	11	2022.2727	3.9091	0.4035
33	customer	-1.1805	-0.0522	1	40	55	5	2022	3.4	0.6835
34	day	0.133	0.2287	3	69	119	13	2022	2.3846	0.2617
35	demand	-0.4145	0.2156	1	49	68	9	2022.8889	5.6667	1.0692
36	density	0.7049	0.003	2	73	145	13	2023.1538	6.1538	0.4165
37	development	-0.6315	0.026	1	88	219	23	2022.4783	16.1304	1.2271
38	device	-0.2161	0.5283	1	29	33	6	2020.8333	2.3333	0.4774
39	difference	0.2227	0.1109	3	92	172	20	2022.2	8.05	0.5917
40	distribution	0.6131	-0.1072	2	69	114	11	2021.6364	10.8182	0.7401
41	economy	-0.4734	-0.3756	1	44	61	7	2022.2857	5.5714	0.8215
42	effectiveness	-0.7857	0.3118	1	42	46	5	2022.8	21	1.2359
43	environmental challenge	-1.0287	0.2827	1	45	65	7	2023.2857	4.1429	0.7831
44	evidence	0.5362	-0.0828	2	62	101	10	2022.5	14.3	1.6734
45	experience	-1.1446	-0.3218	1	38	58	9	2022.5556	17.1111	1.1755
46	fiber	0.9523	-0.0177	2	62	120	9	2023.3333	4.2222	0.8804
47	film	0.4623	0.0457	2	39	46	6	2020.6667	4	0.3041
48	food	-0.5177	-0.1984	1	43	49	8	2021	49.875	3.2312
49	food packaging	0.4622	0.1952	3	57	100	9	2022.3333	29.8889	1.1669
50	form	0.4979	0.1531	2	68	107	10	2021.1	13.1	0.9353
51	fourier	1.3789	-0.0131	2	51	94	6	2022.6667	7.1667	0.8607
52	fragment	1.0935	-0.0787	2	62	139	12	2022.3333	7.4167	0.3117
53	ftir	1.2199	0.0032	2	62	138	9	2023	4.7778	0.5738
54	function	-0.7734	0.4118	1	30	34	6	2021	6.6667	0.555
55	government	-1.0399	0.065	1	53	126	10	2023.1	3.7	0.4003
56	hand	0.533	0.4661	3	34	49	6	2021.5	3.8333	0.2442
57	home	-0.4757	-0.1483	1	59	76	7	2023.4286	4	1.0025
58	importance	-0.7031	0.1431	1	67	109	12	2023.1667	8.5833	0.9697
59	increase	-0.694	0.2367	1	67	123	12	2020.6667	7.4167	0.7469
60	indonesia	-0.7693	-0.5337	1	32	37	5	2021.8	42.2	1.6717
61	ingestion	0.8425	-0.2237	2	61	107	10	2022.7	6.9	0.9481
62	initiative	-0.8927	0.1228	1	63	149	13	2023.2308	3.6154	0.9471
63	integration	-0.9309	0.0826	1	56	124	9	2023.2222	3.7778	1.0058
64	interview	-0.5383	-0.0963	1	64	123	15	2022.6667	1.2667	0.4239
65	investigation	0.0836	0.0025	2	60	104	8	2022.5	3.5	0.3605
66	item	0.5025	-0.101	2	92	192	19	2022.5789	9.7368	1.5018
67	knowledge	-0.6219	-0.0767	1	81	183	18	2022.5556	20.5556	1.3337
68	land	0.0292	0.189	3	63	109	11	2022.7273	7.4545	0.5841
69	length	1.2239	-0.2638	2	41	63	6	2022	11	0.4787
70	livelihood	0.4267	-0.3334	2	50	67	5	2022.8	12.4	1.0211
71	location	0.5703	0.059	3	65	116	11	2022.3636	6.4545	0.2707
72	macroplastic	0.6729	0.2501	3	53	104	10	2022.6	11.2	0.6798
73	majority	1.0038	-0.1136	2	62	104	9	2022.5556	4.1111	0.4968
74	metro manila	0.3772	-0.1886	2	55	72	9	2022.5556	1.4444	0.3195
75	microplastic	0.8652	-0.0793	2	85	347	32	2022.5938	7.875	0.6426
76	microplastic pollution	1.0511	-0.1741	2	62	139	10	2022.3	13	1.3993
77	mindanao	1.2958	0.0014	2	49	72	6	2023.3333	7.8333	1.0208
78	monitoring	-0.481	-0.0544	1	68	112	13	2022.7692	4	0.9512
79	occurrence	1.0886	-0.3439	2	47	76	8	2021.5	20.5	0.7147
80	opportunity	-0.9757	-0.1044	1	50	91	9	2023	24.3333	3.2672
81	order	-0.7547	0.0593	1	64	129	11	2022.2727	8.0909	1.2724
82	organization	-0.9543	-0.0801	1	65	141	12	2022.0833	27.5	1.1636
83	outcome	-0.6139	0.1252	1	58	81	8	2023	2	0.6714
84	pandemic	-0.7296	-0.3726	1	63	101	11	2022.1818	4	0.4111
85	participant	-1.076	0.2315	1	45	53	7	2022.1429	6.4286	0.5444
86	particle	1.003	-0.0118	2	70	174	13	2022.4615	7.8462	0.4938
87	person	-0.5568	0.0037	1	71	139	14	2022	20.1429	1.2716
88	pet	0.9918	0.2287	2	54	90	8	2023.375	2.5	0.2067
89	plastic bottle	0.1843	0.4918	3	34	49	6	2021.1667	6.1667	0.7149
90	plastic litter	0.6366	0.2801	3	46	56	5	2022.8	5.8	0.6474
91	polyethylene	0.8382	0.0502	2	75	163	15	2022.2667	4.6667	0.4119
92	polyethylene terephthalate	1.1125	0.1536	2	51	93	7	2023	6.4286	0.4333
93	polymer type	1.1141	-0.0462	2	60	169	12	2022.6667	6.6667	0.4259
94	polypropylene	1.1173	-0.1579	2	59	126	9	2022.7778	6.5556	0.4183
95	potential	-0.669	0.3998	1	47	64	8	2022.375	25.5	1.7808
96	practice	-0.777	-0.05	1	79	223	23	2022.6957	14.0435	0.9406
97	presence	0.829	-0.3485	2	55	83	10	2022.4	7.8	0.4292
98	prevalence	0.9786	0.1368	3	61	130	11	2021.8182	12.9091	0.7738
99	project	-0.4753	-0.3195	1	47	58	7	2022.5714	3.7143	0.3205
100	publication	-0.2938	-0.3743	1	36	46	6	2022.8333	5.8333	1.0806
101	range	1.0949	0.0181	2	54	107	9	2021.5556	11.1111	0.9551
102	recommendation	-0.3422	-0.347	1	40	56	8	2022.5	14.5	0.6352
103	reduction	-1.0183	0.095	1	47	84	7	2021.4286	33.2857	1.4108
104	resident	-0.6138	-0.5124	1	35	46	6	2021.1667	4.6667	0.856
105	response	-1.0435	-0.0427	1	45	61	8	2022.25	2.75	0.4691
106	river	0.5749	0.0361	3	76	164	15	2021.8	11.1333	0.7316
107	role	-0.5508	0.125	1	74	143	16	2022.625	8.5625	1.091
108	sample	0.682	0.0408	2	96	329	31	2022.8065	4.4516	0.4292
109	sampling station	1.3542	-0.1236	2	51	109	7	2022.7143	5	0.6933
110	sea	0.4222	0.4343	3	44	49	7	2021.4286	3.2857	0.2597
111	sediment	1.0078	-0.0377	2	62	135	12	2022.5833	6.4167	0.4269
112	single use plastic	-0.839	0.1178	1	66	142	11	2023.0909	1.0909	0.2153
113	site	0.7571	-0.1431	2	79	167	16	2021.9375	8.875	0.684
114	size	0.4675	-0.0441	2	92	188	18	2022.8333	4.8333	0.404
115	society	-0.8149	-0.2042	1	65	109	11	2022.1818	25	1.2953
116	solid waste management	0.2497	-0.3847	3	40	53	6	2022.6667	7.8333	0.1723
117	solution	-0.5992	-0.046	1	92	230	25	2022.6	30.16	2.1433
118	species	0.5506	-0.2068	2	65	103	12	2022.4167	7.5833	1.0678
119	spectroscopy	1.1613	-0.0294	2	64	193	13	2022.4615	7.1538	0.6103
120	student	-0.9969	0.0127	1	57	139	15	2022.6667	0.7333	0.1239
121	support	-0.9936	0.0362	1	54	134	10	2022.6	29.6	1.9406
122	surface water	1.2409	-0.0549	2	53	101	9	2022.4444	9.2222	0.6398
123	sustainability	-0.6418	-0.05	1	85	158	19	2022.2632	17.2632	1.0761
124	sustainable practice	-1.1951	0.0322	1	41	87	6	2022.1667	33.8333	1.9036
125	technology	-0.8488	-0.0729	1	57	114	15	2022.5333	14.1333	1.539
126	tensile strength	0.1363	0.433	4	35	55	8	2022	4.375	0.4228
127	total	0.4988	-0.2299	2	79	154	17	2022.6471	8.8235	1.307
128	transition	-1.2135	-0.0171	1	32	51	6	2022.8333	63.5	4.174
129	usage	-0.8961	0.2925	1	45	60	7	2022	11.7143	0.8707
130	variation	0.7618	0.3369	3	55	78	7	2022.7143	6.8571	0.8514
131	volume	-0.9553	-0.3864	1	32	40	6	2021.8333	17.8333	0.3433
132	waste management	-0.578	-0.2616	1	63	90	12	2022.6667	23.25	2.5135
133	water sample	1.0173	0.084	2	53	70	6	2023	8.3333	1.156
134	way	-0.57	0.0793	1	78	161	15	2022.2667	3.1333	0.4092
135	weight	0.8652	-0.1843	2	62	104	10	2022.4	5.3	0.522
136	world	-0.382	0.0464	1	96	209	18	2022.2778	13.5556	1.3464
